#ChipScope Pro Analyzer Project File, Version 3.0
#Sun Mar 03 17:50:46 IST 2013
mdiAreaHeight=0.6989247311827957
mdiAreaHeightLast=0.6989247311827957
mdiCount=0
navigatorHeight=0.17876344086021506
navigatorHeightLast=0.17876344086021506
navigatorWidth=0.17945007235890015
navigatorWidthLast=0.17945007235890015
signalDisplayPath=0
unit.-1.-1.username=
